Point(1) = { 1.0, 0.0, 0, 1.0};
Point(2) = { 0.9898214418809327, 0.14231483827328514, 0, 1.0};
Point(3) = { 0.9594929736144974, 0.28173255684142967, 0, 1.0};
Point(4) = { 0.9096319953545184, 0.4154150130018864, 0, 1.0};
Point(5) = { 0.8412535328311812, 0.5406408174555976, 0, 1.0};
Point(6) = { 0.7557495743542583, 0.6548607339452851, 0, 1.0};
Point(7) = { 0.6548607339452851, 0.7557495743542583, 0, 1.0};
Point(8) = { 0.5406408174555977, 0.8412535328311811, 0, 1.0};
Point(9) = { 0.41541501300188644, 0.9096319953545183, 0, 1.0};
Point(10) = { 0.2817325568414298, 0.9594929736144974, 0, 1.0};
Point(11) = { 0.14231483827328512, 0.9898214418809327, 0, 1.0};
Point(12) = { 2.83276944882399e-16, 1.0, 0, 1.0};
Point(13) = { -0.142314838273285, 0.9898214418809328, 0, 1.0};
Point(14) = { -0.28173255684142967, 0.9594929736144974, 0, 1.0};
Point(15) = { -0.4154150130018863, 0.9096319953545184, 0, 1.0};
Point(16) = { -0.5406408174555972, 0.8412535328311814, 0, 1.0};
Point(17) = { -0.654860733945285, 0.7557495743542583, 0, 1.0};
Point(18) = { -0.7557495743542582, 0.6548607339452852, 0, 1.0};
Point(19) = { -0.8412535328311811, 0.5406408174555978, 0, 1.0};
Point(20) = { -0.9096319953545182, 0.4154150130018867, 0, 1.0};
Point(21) = { -0.9594929736144974, 0.28173255684142967, 0, 1.0};
Point(22) = { -0.9898214418809327, 0.14231483827328517, 0, 1.0};
Point(23) = { -1.0, 5.66553889764798e-16, 0, 1.0};
Point(24) = { -0.9898214418809328, -0.14231483827328492, 0, 1.0};
Point(25) = { -0.9594929736144975, -0.2817325568414294, 0, 1.0};
Point(26) = { -0.9096319953545183, -0.4154150130018865, 0, 1.0};
Point(27) = { -0.8412535328311812, -0.5406408174555976, 0, 1.0};
Point(28) = { -0.7557495743542584, -0.654860733945285, 0, 1.0};
Point(29) = { -0.6548607339452852, -0.7557495743542582, 0, 1.0};
Point(30) = { -0.5406408174555974, -0.8412535328311812, 0, 1.0};
Point(31) = { -0.41541501300188716, -0.909631995354518, 0, 1.0};
Point(32) = { -0.2817325568414297, -0.9594929736144974, 0, 1.0};
Point(33) = { -0.14231483827328523, -0.9898214418809327, 0, 1.0};
Point(34) = { -1.8369701987210297e-16, -1.0, 0, 1.0};
Point(35) = { 0.14231483827328487, -0.9898214418809328, 0, 1.0};
Point(36) = { 0.28173255684142934, -0.9594929736144975, 0, 1.0};
Point(37) = { 0.41541501300188605, -0.9096319953545186, 0, 1.0};
Point(38) = { 0.5406408174555979, -0.841253532831181, 0, 1.0};
Point(39) = { 0.6548607339452845, -0.7557495743542587, 0, 1.0};
Point(40) = { 0.7557495743542578, -0.6548607339452855, 0, 1.0};
Point(41) = { 0.8412535328311812, -0.5406408174555974, 0, 1.0};
Point(42) = { 0.909631995354518, -0.4154150130018872, 0, 1.0};
Point(43) = { 0.9594929736144974, -0.2817325568414298, 0, 1.0};
Point(44) = { 0.9898214418809327, -0.1423148382732853, 0, 1.0};
Line(1) = {1, 2};
Line(2) = {2, 3};
Line(3) = {3, 4};
Line(4) = {4, 5};
Line(5) = {5, 6};
Line(6) = {6, 7};
Line(7) = {7, 8};
Line(8) = {8, 9};
Line(9) = {9, 10};
Line(10) = {10, 11};
Line(11) = {11, 12};
Line(12) = {12, 13};
Line(13) = {13, 14};
Line(14) = {14, 15};
Line(15) = {15, 16};
Line(16) = {16, 17};
Line(17) = {17, 18};
Line(18) = {18, 19};
Line(19) = {19, 20};
Line(20) = {20, 21};
Line(21) = {21, 22};
Line(22) = {22, 23};
Line(23) = {23, 24};
Line(24) = {24, 25};
Line(25) = {25, 26};
Line(26) = {26, 27};
Line(27) = {27, 28};
Line(28) = {28, 29};
Line(29) = {29, 30};
Line(30) = {30, 31};
Line(31) = {31, 32};
Line(32) = {32, 33};
Line(33) = {33, 34};
Line(34) = {34, 35};
Line(35) = {35, 36};
Line(36) = {36, 37};
Line(37) = {37, 38};
Line(38) = {38, 39};
Line(39) = {39, 40};
Line(40) = {40, 41};
Line(41) = {41, 42};
Line(42) = {42, 43};
Line(43) = {43, 44};
Line(44) = {44, 1};
Line Loop(1) = {1, 2, 3, 4, 5, 6, 7, 8, 9, 10, 11, 12, 13, 14, 15, 16, 17, 18, 19, 20, 21, 22, 23, 24, 25, 26, 27, 28, 29, 30, 31, 32, 33, 34, 35, 36, 37, 38, 39, 40, 41, 42, 43, 44};
Plane Surface(1) = {1};
