Point(1) = { 1.0, 0.0, 0, 1.0};
Point(2) = { 6.12323399574e-17, 1.0, 0, 1.0};
Point(3) = { -1.0, 1.22464679915e-16, 0, 1.0};
Point(4) = { -1.83697019872e-16, -1.0, 0, 1.0};
Line(1) = {1, 2};
Line(2) = {2, 3};
Line(3) = {3, 4};
Line(4) = {4, 1};
Line Loop(1) = {1, 2, 3, 4};
Plane Surface(1) = {1};

