Point(1) = { 1.0, 0.0, 0, 1.0};
Point(2) = { 0.9876883405951378, 0.15643446504023087, 0, 1.0};
Point(3) = { 0.9510565162951535, 0.3090169943749474, 0, 1.0};
Point(4) = { 0.8910065241883679, 0.45399049973954675, 0, 1.0};
Point(5) = { 0.8090169943749475, 0.5877852522924731, 0, 1.0};
Point(6) = { 0.7071067811865476, 0.7071067811865475, 0, 1.0};
Point(7) = { 0.5877852522924731, 0.8090169943749475, 0, 1.0};
Point(8) = { 0.4539904997395468, 0.8910065241883678, 0, 1.0};
Point(9) = { 0.30901699437494745, 0.9510565162951535, 0, 1.0};
Point(10) = { 0.15643446504023092, 0.9876883405951378, 0, 1.0};
Point(11) = { 6.123233995736766e-17, 1.0, 0, 1.0};
Point(12) = { -0.1564344650402306, 0.9876883405951378, 0, 1.0};
Point(13) = { -0.30901699437494734, 0.9510565162951536, 0, 1.0};
Point(14) = { -0.4539904997395467, 0.8910065241883679, 0, 1.0};
Point(15) = { -0.587785252292473, 0.8090169943749475, 0, 1.0};
Point(16) = { -0.7071067811865475, 0.7071067811865476, 0, 1.0};
Point(17) = { -0.8090169943749473, 0.5877852522924732, 0, 1.0};
Point(18) = { -0.8910065241883678, 0.45399049973954686, 0, 1.0};
Point(19) = { -0.9510565162951535, 0.3090169943749475, 0, 1.0};
Point(20) = { -0.9876883405951377, 0.15643446504023098, 0, 1.0};
Point(21) = { -1.0, 1.2246467991473532e-16, 0, 1.0};
Point(22) = { -0.9876883405951378, -0.15643446504023073, 0, 1.0};
Point(23) = { -0.9510565162951538, -0.3090169943749469, 0, 1.0};
Point(24) = { -0.8910065241883679, -0.4539904997395467, 0, 1.0};
Point(25) = { -0.8090169943749476, -0.587785252292473, 0, 1.0};
Point(26) = { -0.7071067811865477, -0.7071067811865475, 0, 1.0};
Point(27) = { -0.5877852522924732, -0.8090169943749473, 0, 1.0};
Point(28) = { -0.4539904997395469, -0.8910065241883678, 0, 1.0};
Point(29) = { -0.30901699437494756, -0.9510565162951535, 0, 1.0};
Point(30) = { -0.15643446504023104, -0.9876883405951377, 0, 1.0};
Point(31) = { -1.8369701987210297e-16, -1.0, 0, 1.0};
Point(32) = { 0.15643446504023067, -0.9876883405951378, 0, 1.0};
Point(33) = { 0.30901699437494723, -0.9510565162951536, 0, 1.0};
Point(34) = { 0.45399049973954664, -0.891006524188368, 0, 1.0};
Point(35) = { 0.5877852522924729, -0.8090169943749476, 0, 1.0};
Point(36) = { 0.7071067811865474, -0.7071067811865477, 0, 1.0};
Point(37) = { 0.8090169943749473, -0.5877852522924734, 0, 1.0};
Point(38) = { 0.8910065241883678, -0.45399049973954697, 0, 1.0};
Point(39) = { 0.9510565162951535, -0.3090169943749476, 0, 1.0};
Point(40) = { 0.9876883405951377, -0.15643446504023112, 0, 1.0};
Line(1) = {1, 2};
Line(2) = {2, 3};
Line(3) = {3, 4};
Line(4) = {4, 5};
Line(5) = {5, 6};
Line(6) = {6, 7};
Line(7) = {7, 8};
Line(8) = {8, 9};
Line(9) = {9, 10};
Line(10) = {10, 11};
Line(11) = {11, 12};
Line(12) = {12, 13};
Line(13) = {13, 14};
Line(14) = {14, 15};
Line(15) = {15, 16};
Line(16) = {16, 17};
Line(17) = {17, 18};
Line(18) = {18, 19};
Line(19) = {19, 20};
Line(20) = {20, 21};
Line(21) = {21, 22};
Line(22) = {22, 23};
Line(23) = {23, 24};
Line(24) = {24, 25};
Line(25) = {25, 26};
Line(26) = {26, 27};
Line(27) = {27, 28};
Line(28) = {28, 29};
Line(29) = {29, 30};
Line(30) = {30, 31};
Line(31) = {31, 32};
Line(32) = {32, 33};
Line(33) = {33, 34};
Line(34) = {34, 35};
Line(35) = {35, 36};
Line(36) = {36, 37};
Line(37) = {37, 38};
Line(38) = {38, 39};
Line(39) = {39, 40};
Line(40) = {40, 1};
Line Loop(1) = {1, 2, 3, 4, 5, 6, 7, 8, 9, 10, 11, 12, 13, 14, 15, 16, 17, 18, 19, 20, 21, 22, 23, 24, 25, 26, 27, 28, 29, 30, 31, 32, 33, 34, 35, 36, 37, 38, 39, 40};
Plane Surface(1) = {1};
