Point(1) = { 1.0, 0.0, 0, 1.0};
Point(2) = { 0.951056516295, 0.309016994375, 0, 1.0};
Point(3) = { 0.809016994375, 0.587785252292, 0, 1.0};
Point(4) = { 0.587785252292, 0.809016994375, 0, 1.0};
Point(5) = { 0.309016994375, 0.951056516295, 0, 1.0};
Point(6) = { 6.12323399574e-17, 1.0, 0, 1.0};
Point(7) = { -0.309016994375, 0.951056516295, 0, 1.0};
Point(8) = { -0.587785252292, 0.809016994375, 0, 1.0};
Point(9) = { -0.809016994375, 0.587785252292, 0, 1.0};
Point(10) = { -0.951056516295, 0.309016994375, 0, 1.0};
Point(11) = { -1.0, 1.22464679915e-16, 0, 1.0};
Point(12) = { -0.951056516295, -0.309016994375, 0, 1.0};
Point(13) = { -0.809016994375, -0.587785252292, 0, 1.0};
Point(14) = { -0.587785252292, -0.809016994375, 0, 1.0};
Point(15) = { -0.309016994375, -0.951056516295, 0, 1.0};
Point(16) = { -1.83697019872e-16, -1.0, 0, 1.0};
Point(17) = { 0.309016994375, -0.951056516295, 0, 1.0};
Point(18) = { 0.587785252292, -0.809016994375, 0, 1.0};
Point(19) = { 0.809016994375, -0.587785252292, 0, 1.0};
Point(20) = { 0.951056516295, -0.309016994375, 0, 1.0};
Line(1) = {1, 2};
Line(2) = {2, 3};
Line(3) = {3, 4};
Line(4) = {4, 5};
Line(5) = {5, 6};
Line(6) = {6, 7};
Line(7) = {7, 8};
Line(8) = {8, 9};
Line(9) = {9, 10};
Line(10) = {10, 11};
Line(11) = {11, 12};
Line(12) = {12, 13};
Line(13) = {13, 14};
Line(14) = {14, 15};
Line(15) = {15, 16};
Line(16) = {16, 17};
Line(17) = {17, 18};
Line(18) = {18, 19};
Line(19) = {19, 20};
Line(20) = {20, 1};
Line Loop(1) = {1, 2, 3, 4, 5, 6, 7, 8, 9, 10, 11, 12, 13, 14, 15, 16, 17, 18, 19, 20};
Plane Surface(1) = {1};

