Point(1) = { 1.0, 0.0, 0, 1.0};
Point(2) = { 0.984807753012208, 0.17364817766693033, 0, 1.0};
Point(3) = { 0.9396926207859084, 0.3420201433256687, 0, 1.0};
Point(4) = { 0.8660254037844387, 0.49999999999999994, 0, 1.0};
Point(5) = { 0.766044443118978, 0.6427876096865393, 0, 1.0};
Point(6) = { 0.6427876096865394, 0.766044443118978, 0, 1.0};
Point(7) = { 0.5000000000000001, 0.8660254037844386, 0, 1.0};
Point(8) = { 0.3420201433256688, 0.9396926207859083, 0, 1.0};
Point(9) = { 0.17364817766693041, 0.984807753012208, 0, 1.0};
Point(10) = { 6.123233995736766e-17, 1.0, 0, 1.0};
Point(11) = { -0.1736481776669303, 0.984807753012208, 0, 1.0};
Point(12) = { -0.3420201433256685, 0.9396926207859084, 0, 1.0};
Point(13) = { -0.4999999999999998, 0.8660254037844387, 0, 1.0};
Point(14) = { -0.6427876096865394, 0.766044443118978, 0, 1.0};
Point(15) = { -0.7660444431189779, 0.6427876096865395, 0, 1.0};
Point(16) = { -0.8660254037844385, 0.5000000000000003, 0, 1.0};
Point(17) = { -0.9396926207859083, 0.3420201433256689, 0, 1.0};
Point(18) = { -0.984807753012208, 0.17364817766693028, 0, 1.0};
Point(19) = { -1.0, 1.2246467991473532e-16, 0, 1.0};
Point(20) = { -0.9848077530122081, -0.17364817766693003, 0, 1.0};
Point(21) = { -0.9396926207859084, -0.34202014332566866, 0, 1.0};
Point(22) = { -0.8660254037844386, -0.5000000000000001, 0, 1.0};
Point(23) = { -0.7660444431189783, -0.6427876096865389, 0, 1.0};
Point(24) = { -0.6427876096865395, -0.7660444431189779, 0, 1.0};
Point(25) = { -0.5000000000000004, -0.8660254037844384, 0, 1.0};
Point(26) = { -0.34202014332566855, -0.9396926207859084, 0, 1.0};
Point(27) = { -0.17364817766693033, -0.984807753012208, 0, 1.0};
Point(28) = { -1.8369701987210297e-16, -1.0, 0, 1.0};
Point(29) = { 0.17364817766692997, -0.9848077530122081, 0, 1.0};
Point(30) = { 0.342020143325669, -0.9396926207859083, 0, 1.0};
Point(31) = { 0.49999999999999933, -0.866025403784439, 0, 1.0};
Point(32) = { 0.6427876096865393, -0.7660444431189781, 0, 1.0};
Point(33) = { 0.7660444431189778, -0.6427876096865396, 0, 1.0};
Point(34) = { 0.8660254037844388, -0.49999999999999967, 0, 1.0};
Point(35) = { 0.9396926207859084, -0.3420201433256686, 0, 1.0};
Point(36) = { 0.984807753012208, -0.1736481776669304, 0, 1.0};
Line(1) = {1, 2};
Line(2) = {2, 3};
Line(3) = {3, 4};
Line(4) = {4, 5};
Line(5) = {5, 6};
Line(6) = {6, 7};
Line(7) = {7, 8};
Line(8) = {8, 9};
Line(9) = {9, 10};
Line(10) = {10, 11};
Line(11) = {11, 12};
Line(12) = {12, 13};
Line(13) = {13, 14};
Line(14) = {14, 15};
Line(15) = {15, 16};
Line(16) = {16, 17};
Line(17) = {17, 18};
Line(18) = {18, 19};
Line(19) = {19, 20};
Line(20) = {20, 21};
Line(21) = {21, 22};
Line(22) = {22, 23};
Line(23) = {23, 24};
Line(24) = {24, 25};
Line(25) = {25, 26};
Line(26) = {26, 27};
Line(27) = {27, 28};
Line(28) = {28, 29};
Line(29) = {29, 30};
Line(30) = {30, 31};
Line(31) = {31, 32};
Line(32) = {32, 33};
Line(33) = {33, 34};
Line(34) = {34, 35};
Line(35) = {35, 36};
Line(36) = {36, 1};
Line Loop(1) = {1, 2, 3, 4, 5, 6, 7, 8, 9, 10, 11, 12, 13, 14, 15, 16, 17, 18, 19, 20, 21, 22, 23, 24, 25, 26, 27, 28, 29, 30, 31, 32, 33, 34, 35, 36};
Plane Surface(1) = {1};
